1 0.32578125 0.546875 0.0421875 0.06796875
1 0.2171875 0.490625 0.04296875 0.05546875
1 0.346875 0.41640625 0.028125 0.0359375
1 0.3765625 0.428125 0.025 0.03828125
1 0.3984375 0.403125 0.02265625 0.03125
1 0.378125 0.3890625 0.02109375 0.03046875
3 0.390625 0.3640625 0.01875 0.03984375
1 0.26171875 0.725 0.0671875 0.115625
1 0.165625 0.715625 0.08046875 0.12734375
1 0.07109375 0.715625 0.0921875 0.11484375
1 0.73828125 0.7390625 0.0890625 0.10859375
1 0.82265625 0.5921875 0.0640625 0.06953125
1 0.7234375 0.5109375 0.04453125 0.05234375
1 0.69296875 0.521875 0.0171875 0.05078125
1 0.640625 0.52109375 0.03515625 0.0546875
1 0.60703125 0.528125 0.0390625 0.05234375
1 0.57109375 0.48125 0.0296875 0.04375
1 0.5609375 0.4375 0.02421875 0.034375
1 0.6265625 0.43671875 0.025 0.0359375
3 0.59609375 0.3984375 0.0203125 0.034375
1 0.565625 0.3984375 0.01796875 0.02578125
1 0.54375 0.38515625 0.015625 0.0234375
1 0.56953125 0.3765625 0.0140625 0.01875
1 0.4171875 0.3484375 0.01484375 0.01796875
1 0.43671875 0.3546875 0.0140625 0.01796875
1 0.5640625 0.3515625 0.0125 0.01796875
1 0.54453125 0.3625 0.0140625 0.021875
1 0.571875 0.33515625 0.009375 0.0140625
1 0.553125 0.321875 0.009375 0.01328125
2 0.625 0.3984375 0.009375 0.03203125
1 0.4390625 0.3265625 0.01171875 0.01796875
1 0.4671875 0.321875 0.009375 0.01484375