1 0.13671875 0.584375 0.0640625 0.08671875
1 0.2671875 0.71484375 0.06796875 0.1265625
1 0.9328125 0.89609375 0.13359375 0.1484375
1 0.803125 0.64375 0.08359375 0.08984375
1 0.74375 0.5265625 0.046875 0.05234375
1 0.6078125 0.5390625 0.04296875 0.05546875
1 0.5703125 0.4640625 0.02734375 0.034375
1 0.6 0.4640625 0.028125 0.040625
1 0.6375 0.46875 0.02890625 0.03828125
1 0.646875 0.4375 0.02578125 0.034375
1 0.609375 0.4140625 0.02109375 0.03046875
1 0.553125 0.434375 0.021875 0.03203125
1 0.35 0.475 0.02890625 0.04453125
1 0.315625 0.45390625 0.03125 0.0421875
1 0.3765625 0.4375 0.025 0.03671875
1 0.3359375 0.41796875 0.028125 0.0359375