1 0.09375 0.76171875 0.10703125 0.1359375
1 0.9046875 0.959375 0.16796875 0.08046875
1 0.8390625 0.765625 0.11015625 0.1125
1 0.715625 0.72578125 0.071875 0.1046875
1 0.8046875 0.634375 0.06953125 0.07265625
1 0.825 0.58125 0.06328125 0.04765625
1 0.6328125 0.521875 0.04140625 0.05859375
1 0.5921875 0.4515625 0.02578125 0.03671875
1 0.5515625 0.43125 0.02109375 0.03515625
1 0.5921875 0.41875 0.021875 0.02578125
1 0.6234375 0.421875 0.021875 0.02890625
1 0.65 0.41875 0.02109375 0.028125
1 0.6140625 0.39453125 0.01796875 0.0234375
1 0.5828125 0.3609375 0.01171875 0.01875
1 0.559375 0.3625 0.01328125 0.01953125
1 0.5359375 0.3828125 0.01640625 0.02421875
1 0.5609375 0.3453125 0.01171875 0.01484375
3 0.58515625 0.3421875 0.0109375 0.01640625
1 0.5609375 0.3234375 0.00859375 0.0125
1 0.5921875 0.31328125 0.00625 0.0109375
1 0.546875 0.34375 0.01171875 0.01640625
2 0.6125 0.3734375 0.00703125 0.02109375
2 0.603125 0.353125 0.00546875 0.02109375
2 0.59765625 0.34765625 0.0046875 0.0203125
2 0.56953125 0.3203125 0.0046875 0.01328125
2 0.328125 0.44765625 0.01171875 0.0453125
2 0.2515625 0.4171875 0.01015625 0.04375
3 0.35625 0.4578125 0.03515625 0.084375
1 0.3796875 0.3875 0.02109375 0.025
1 0.36875 0.3546875 0.015625 0.02265625
3 0.3875 0.3640625 0.01796875 0.02421875
3 0.4046875 0.384375 0.01953125 0.03828125
1 0.42109375 0.3484375 0.0140625 0.01875
2 0.403125 0.334375 0.00625 0.01953125
1 0.41875 0.3328125 0.01171875 0.0125
1 0.43046875 0.325 0.0109375 0.01640625
1 0.44375 0.3265625 0.0125 0.01484375
1 0.46640625 0.3203125 0.0109375 0.015625