1 0.4109375 0.703125 0.06328125 0.09921875
1 0.5234375 0.7609375 0.06953125 0.10859375
1 0.1828125 0.7859375 0.0875 0.11953125
1 0.35 0.5984375 0.04921875 0.08203125
1 0.3546875 0.5078125 0.03984375 0.06015625
3 0.49296875 0.5875 0.0453125 0.10859375
1 0.496875 0.4671875 0.025 0.04140625
2 0.44765625 0.49609375 0.0140625 0.0515625
3 0.290625 0.8484375 0.08828125 0.15546875
3 0.35390625 0.4484375 0.0296875 0.05625
1 0.41875 0.40390625 0.021875 0.0328125
1 0.4671875 0.4328125 0.02265625 0.03828125
1 0.4609375 0.3859375 0.01953125 0.028125
1 0.4234375 0.3671875 0.01796875 0.025
1 0.48984375 0.3703125 0.0171875 0.02421875
1 0.434375 0.3515625 0.01484375 0.02109375
1 0.4390625 0.3390625 0.01484375 0.01875
1 0.459375 0.35 0.015625 0.01875
1 0.45859375 0.334375 0.0140625 0.01328125
1 0.475 0.33125 0.01328125 0.01640625
1 0.4921875 0.3515625 0.0125 0.01953125
1 0.496875 0.334375 0.0125 0.01640625
1 0.490625 0.328125 0.01015625 0.01796875
3 0.5 0.3171875 0.01171875 0.025
1 0.4875 0.3078125 0.00859375 0.01484375
2 0.51640625 0.35390625 0.0078125 0.0234375
2 0.5125 0.33359375 0.00625 0.0234375
1 0.5109375 0.315625 0.01171875 0.015625
1 0.51328125 0.3 0.0109375 0.0125
1 0.50078125 0.2984375 0.0078125 0.0125
1 0.53671875 0.2953125 0.0078125 0.01328125
1 0.52578125 0.29453125 0.0078125 0.0140625
1 0.278125 0.353125 0.02109375 0.02421875
1 0.2546875 0.3484375 0.02421875 0.02890625
1 0.221875 0.3375 0.02265625 0.02421875
1 0.22578125 0.3796875 0.0296875 0.03203125
1 0.1875 0.371875 0.03203125 0.03203125
1 0.1609375 0.353125 0.03046875 0.02578125
1 0.203125 0.346875 0.01953125 0.02421875
1 0.1921875 0.35625 0.028125 0.02421875
1 0.165625 0.4109375 0.040625 0.04296875
1 0.0875 0.4046875 0.040625 0.04453125
1 0.0578125 0.3921875 0.04140625 0.0375
1 0.05859375 0.43359375 0.0484375 0.0453125