1 0.5015625 0.625 0.03984375 0.06875
1 0.415625 0.6328125 0.04296875 0.07109375
1 0.33359375 0.815625 0.0671875 0.11796875
1 0.26328125 0.696875 0.0609375 0.09296875
2 0.471875 0.6265625 0.01796875 0.07109375
1 0.371875 0.4890625 0.03046875 0.04375
1 0.4703125 0.421875 0.01875 0.02734375
1 0.4234375 0.40078125 0.01875 0.0265625
1 0.48046875 0.4046875 0.0171875 0.021875
2 0.5078125 0.421875 0.009375 0.03203125
2 0.490625 0.41875 0.00859375 0.03046875
1 0.45 0.390625 0.015625 0.021875
1 0.471875 0.3875 0.01640625 0.02265625
1 0.48046875 0.3734375 0.0140625 0.01953125
1 0.465625 0.36484375 0.0125 0.0171875
1 0.47890625 0.3546875 0.0109375 0.01640625
1 0.49375 0.3546875 0.0125 0.01875
1 0.51328125 0.371875 0.0140625 0.01875
0 0.5140625 0.346875 0.02109375 0.03984375
3 0.5421875 0.35 0.01171875 0.01953125
3 0.55234375 0.32890625 0.0078125 0.0140625
1 0.540625 0.3265625 0.00703125 0.009375
1 0.53203125 0.3234375 0.0078125 0.0125
1 0.5234375 0.32578125 0.00859375 0.0109375
1 0.4421875 0.325 0.009375 0.0125
1 0.4546875 0.31640625 0.009375 0.0109375
1 0.371875 0.2703125 0.02421875 0.01640625
1 0.2921875 0.3859375 0.02109375 0.02421875
1 0.265625 0.37109375 0.02265625 0.0234375
1 0.2078125 0.4078125 0.03203125 0.03125
1 0.1515625 0.409375 0.03203125 0.03515625
1 0.04140625 0.51953125 0.0609375 0.0578125