1 0.3390625 0.678125 0.05390625 0.090625
1 0.3984375 0.3953125 0.021875 0.03046875
1 0.4578125 0.38828125 0.01953125 0.0265625
2 0.4890625 0.38203125 0.00859375 0.0296875
2 0.5015625 0.4109375 0.01015625 0.03515625
2 0.55625 0.3015625 0.00390625 0.01328125
2 0.5453125 0.3109375 0.00390625 0.01171875
1 0.5109375 0.328125 0.01328125 0.01640625
1 0.47734375 0.32265625 0.0109375 0.0171875
1 0.4921875 0.32734375 0.01171875 0.0171875
1 0.490625 0.3140625 0.01015625 0.01171875
1 0.5046875 0.3203125 0.009375 0.01328125
1 0.5296875 0.3234375 0.009375 0.01484375
3 0.5375 0.3140625 0.009375 0.02109375
1 0.2703125 0.3265625 0.01953125 0.02109375
1 0.26015625 0.34140625 0.0203125 0.0234375
3 0.221875 0.34296875 0.02421875 0.0296875
1 0.24296875 0.375 0.0265625 0.025
1 0.16796875 0.421875 0.0390625 0.040625
1 0.0546875 0.434375 0.04765625 0.04765625
1 0.0421875 0.4890625 0.06171875 0.05859375