1 0.06171875 0.7625 0.1234375 0.165625
1 0.0609375 0.6203125 0.09453125 0.12109375
3 0.24375 0.5078125 0.05859375 0.09375
2 0.1640625 0.43203125 0.021875 0.0640625
2 0.27578125 0.315625 0.0140625 0.03359375
1 0.228125 0.3578125 0.03515625 0.04375
2 0.3140625 0.2921875 0.009375 0.03203125
3 0.3609375 0.27890625 0.02109375 0.0390625
1 0.384375 0.29375 0.021875 0.028125
1 0.3859375 0.3234375 0.02421875 0.03359375
1 0.35546875 0.3796875 0.0296875 0.046875
1 0.384375 0.26875 0.01640625 0.02109375
1 0.4140625 0.26640625 0.015625 0.0234375
1 0.40234375 0.2515625 0.0140625 0.01875
1 0.4296875 0.2734375 0.01796875 0.028125
2 0.434375 0.2390625 0.00625 0.01796875
1 0.425 0.2375 0.01015625 0.01875
1 0.44375 0.24140625 0.01171875 0.0171875
0 0.446875 0.2796875 0.021875 0.06640625
2 0.3953125 0.24765625 0.00625 0.0203125
2 0.6 0.22265625 0.003125 0.0140625
2 0.59375 0.23203125 0.00390625 0.0171875
2 0.59765625 0.240625 0.0046875 0.015625
2 0.6421875 0.3359375 0.01015625 0.03515625
2 0.68828125 0.3703125 0.0109375 0.04375
2 0.659375 0.3640625 0.01015625 0.04140625
2 0.89375 0.53984375 0.03203125 0.0765625
1 0.93359375 0.6171875 0.1046875 0.08828125
1 0.7578125 0.478125 0.05625 0.065625
1 0.6828125 0.48671875 0.05390625 0.0640625
3 0.6296875 0.49140625 0.05546875 0.0828125
1 0.596875 0.3546875 0.02578125 0.03828125
3 0.5578125 0.3390625 0.021875 0.03515625
1 0.5453125 0.303125 0.01640625 0.02734375
1 0.5734375 0.3046875 0.01796875 0.02734375
1 0.5953125 0.29453125 0.01796875 0.0265625
1 0.6046875 0.27734375 0.01484375 0.0203125
1 0.571875 0.278125 0.01328125 0.02265625
1 0.54140625 0.271875 0.0140625 0.021875
1 0.5484375 0.2453125 0.0125 0.01953125
3 0.596875 0.26015625 0.01171875 0.0265625
1 0.58125 0.25625 0.0125 0.01953125
1 0.56796875 0.2484375 0.0109375 0.01796875
1 0.6421875 0.2828125 0.01640625 0.02265625
1 0.5640625 0.2359375 0.009375 0.01484375
1 0.584375 0.24375 0.01171875 0.01640625
1 0.9078125 0.9078125 0.18359375 0.18203125