1 0.103125 0.68984375 0.10234375 0.1359375
1 0.1 0.56875 0.07734375 0.10625
2 0.1796875 0.41875 0.01796875 0.06328125
3 0.259375 0.4765625 0.05 0.08828125
1 0.23984375 0.346875 0.0328125 0.04453125
1 0.28515625 0.309375 0.0140625 0.03828125
1 0.3609375 0.3640625 0.02890625 0.04765625
1 0.390625 0.315625 0.02265625 0.03515625
1 0.390625 0.28984375 0.01875 0.0296875
3 0.365625 0.275 0.01953125 0.03515625
1 0.3890625 0.2640625 0.015625 0.021875
2 0.321875 0.2890625 0.00859375 0.03125
1 0.41640625 0.2640625 0.0140625 0.021875
2 0.3984375 0.24375 0.00546875 0.021875
1 0.40703125 0.25 0.0140625 0.01875
1 0.43125 0.26953125 0.01484375 0.0296875
0 0.44765625 0.28046875 0.0234375 0.0640625
2 0.4359375 0.23671875 0.00625 0.0171875
1 0.4453125 0.2390625 0.01171875 0.01796875
1 0.42890625 0.2359375 0.0109375 0.01875
3 0.5953125 0.2609375 0.0125 0.028125
1 0.60625 0.2796875 0.01484375 0.02421875
1 0.596875 0.2984375 0.01875 0.028125
1 0.57265625 0.2796875 0.0140625 0.025
1 0.54140625 0.2734375 0.0140625 0.02109375
1 0.5484375 0.24765625 0.0125 0.0171875
1 0.565625 0.25 0.01015625 0.01875
1 0.5796875 0.259375 0.01328125 0.01875
2 0.5984375 0.2421875 0.00546875 0.01875
2 0.59375 0.2328125 0.00390625 0.01796875
2 0.60078125 0.22421875 0.0046875 0.0140625
2 0.6484375 0.34375 0.009375 0.03671875
2 0.6953125 0.3796875 0.015625 0.046875
1 0.603125 0.3640625 0.02734375 0.03984375
3 0.56015625 0.35078125 0.0234375 0.0421875
1 0.54609375 0.3078125 0.0171875 0.02890625
1 0.575 0.3109375 0.01796875 0.028125
1 0.6421875 0.2828125 0.01640625 0.02265625
1 0.78203125 0.5015625 0.0640625 0.078125
1 0.7109375 0.5140625 0.05625 0.06953125
3 0.6390625 0.5203125 0.04921875 0.09296875
2 0.940625 0.58046875 0.03828125 0.0796875
1 0.96484375 0.6640625 0.0703125 0.10546875