1 0.86953125 0.86875 0.1703125 0.18828125
1 0.91484375 0.59453125 0.0953125 0.0953125
1 0.746875 0.46875 0.05703125 0.06796875
1 0.0453125 0.64765625 0.08671875 0.1265625
1 0.0546875 0.8046875 0.10625 0.19765625
2 0.87578125 0.51875 0.0328125 0.07421875
2 0.15625 0.4421875 0.02578125 0.06796875
3 0.234375 0.52265625 0.059375 0.1171875
3 0.6234375 0.48125 0.05546875 0.09296875
1 0.22421875 0.3609375 0.0359375 0.04765625
1 0.3515625 0.3859375 0.034375 0.053125
1 0.3828125 0.325 0.025 0.03828125
3 0.3578125 0.284375 0.01953125 0.040625
2 0.31015625 0.296875 0.0109375 0.03203125
2 0.271875 0.31640625 0.01484375 0.0359375
2 0.65703125 0.36171875 0.0140625 0.0453125
2 0.640625 0.3328125 0.009375 0.03828125
1 0.5953125 0.35078125 0.02421875 0.0328125
3 0.55703125 0.33671875 0.0234375 0.0359375
0 0.446875 0.2828125 0.02265625 0.06796875
1 0.5453125 0.3015625 0.01484375 0.028125
1 0.571875 0.303125 0.01640625 0.02734375