1 0.440625 0.4625 0.02578125 0.05
1 0.309375 0.53515625 0.04296875 0.0578125
2 0.459375 0.4375 0.0125 0.04296875
2 0.5 0.4796875 0.0125 0.05234375
1 0.4875 0.3484375 0.015625 0.021875
1 0.465625 0.34375 0.01484375 0.02109375
1 0.44765625 0.3390625 0.0140625 0.021875
1 0.5203125 0.3359375 0.01171875 0.01796875
1 0.49921875 0.33125 0.0109375 0.01796875
1 0.4625 0.32734375 0.01171875 0.0171875
1 0.4859375 0.33203125 0.01171875 0.0171875
1 0.4734375 0.32109375 0.01171875 0.0171875
1 0.5171875 0.3171875 0.009375 0.015625
3 0.5265625 0.321875 0.01171875 0.02578125
1 0.49921875 0.3140625 0.0109375 0.01484375
3 0.5015625 0.29765625 0.00859375 0.0171875
1 0.5125 0.303125 0.00859375 0.01328125
1 0.4921875 0.30625 0.00859375 0.01328125
1 0.5234375 0.30625 0.009375 0.01171875
2 0.5359375 0.315625 0.00390625 0.01484375
2 0.54921875 0.303125 0.0046875 0.01484375
3 0.42421875 0.2875 0.0109375 0.02421875
1 0.4375 0.29375 0.01015625 0.0125
1 0.453125 0.2875 0.009375 0.01015625
1 0.3171875 0.3046875 0.01640625 0.01328125
1 0.3421875 0.2984375 0.01328125 0.01171875
1 0.2546875 0.3640625 0.02734375 0.02890625
1 0.2078125 0.3671875 0.02890625 0.03125
1 0.18359375 0.35 0.0296875 0.028125
1 0.16171875 0.4140625 0.0390625 0.04140625
1 0.134375 0.39140625 0.03984375 0.0359375
1 0.128125 0.36640625 0.03359375 0.0203125
1 0.046875 0.46796875 0.05546875 0.0546875
1 0.075 0.4265625 0.05234375 0.04296875
3 0.0328125 0.39609375 0.05625 0.0515625
1 0.07109375 0.375 0.0390625 0.03359375