1 0.11640625 0.6140625 0.0859375 0.12734375
1 0.04765625 0.5515625 0.0765625 0.09765625
1 0.1609375 0.45703125 0.05234375 0.0671875
1 0.26875 0.4390625 0.04609375 0.06640625
1 0.340625 0.4375 0.03828125 0.06328125
1 0.25859375 0.35234375 0.0359375 0.0421875
1 0.625 0.503125 0.05078125 0.06875
1 0.55 0.33046875 0.01953125 0.0328125
1 0.575 0.32734375 0.01953125 0.0328125
1 0.5984375 0.32421875 0.01953125 0.0328125
0 0.4390625 0.3109375 0.03359375 0.06875
3 0.278125 0.32109375 0.03203125 0.0453125
3 0.303125 0.534375 0.053125 0.12578125
1 0.7703125 0.496875 0.059375 0.06484375
3 0.31796875 0.375 0.0328125 0.05078125