3 0.2125 0.56796875 0.07265625 0.1234375
1 0.7953125 0.75546875 0.13359375 0.1515625
1 0.859375 0.5484375 0.08515625 0.08359375
2 0.83359375 0.4890625 0.0234375 0.06875
2 0.1328125 0.4640625 0.02109375 0.06875
1 0.20703125 0.3734375 0.0390625 0.05
1 0.34375 0.403125 0.034375 0.05390625
3 0.6078125 0.453125 0.04921875 0.078125
1 0.6484375 0.4421875 0.03359375 0.05859375
1 0.7234375 0.440625 0.05078125 0.06328125
2 0.2609375 0.3265625 0.01171875 0.03203125
2 0.303125 0.303125 0.00859375 0.040625
2 0.64921875 0.3484375 0.0109375 0.03984375
2 0.634375 0.3234375 0.00859375 0.03671875
1 0.375 0.334375 0.02578125 0.03984375
1 0.59140625 0.3421875 0.0234375 0.034375
1 0.553125 0.32890625 0.01953125 0.0359375
1 0.54375 0.296875 0.01640625 0.02578125
1 0.57109375 0.2984375 0.0171875 0.02734375
1 0.5921875 0.28828125 0.01640625 0.0265625
1 0.6046875 0.2734375 0.01484375 0.02109375
1 0.5734375 0.27421875 0.015625 0.0203125
1 0.5421875 0.2671875 0.01328125 0.02265625
1 0.6421875 0.28203125 0.01796875 0.0203125
3 0.596875 0.25625 0.0125 0.02890625
1 0.57890625 0.253125 0.0109375 0.01640625
1 0.565625 0.2453125 0.009375 0.01796875
1 0.5484375 0.24140625 0.01015625 0.0203125
2 0.5984375 0.2375 0.00546875 0.01484375
1 0.3765625 0.30078125 0.02109375 0.0296875
3 0.353125 0.2890625 0.021875 0.040625
1 0.42421875 0.27890625 0.0171875 0.0296875
1 0.4078125 0.27109375 0.01640625 0.0234375
1 0.378125 0.27265625 0.01640625 0.0265625
1 0.3953125 0.2546875 0.01484375 0.01953125
1 0.40234375 0.24453125 0.0140625 0.0171875
1 0.41875 0.25625 0.01484375 0.01640625
1 0.440625 0.24453125 0.01171875 0.0203125
1 0.421875 0.240625 0.01015625 0.01875
2 0.4296875 0.2421875 0.00625 0.01796875
0 0.446875 0.28125 0.02109375 0.06484375