0 0.425 0.71328125 0.096875 0.3453125
3 0.61015625 0.91328125 0.1078125 0.1734375
1 0.2953125 0.83046875 0.08515625 0.1484375
1 0.021875 0.53828125 0.04375 0.0828125
1 0.3140625 0.553125 0.04375 0.06171875
1 0.1234375 0.4703125 0.04375 0.05859375
1 0.3765625 0.5359375 0.034375 0.05859375
1 0.41015625 0.49375 0.0296875 0.05234375
1 0.3625 0.475 0.028125 0.04375
1 0.41796875 0.4625 0.0265625 0.03046875
1 0.3984375 0.4421875 0.02578125 0.034375
1 0.4203125 0.4109375 0.02265625 0.03125
1 0.4421875 0.378125 0.01953125 0.028125
1 0.46875 0.38125 0.01640625 0.02421875
1 0.47421875 0.3515625 0.0140625 0.01484375
1 0.4953125 0.353125 0.01171875 0.01796875
1 0.509375 0.365625 0.01171875 0.01953125
1 0.525 0.3578125 0.0125 0.01875
3 0.48984375 0.38125 0.0140625 0.03046875
2 0.4984375 0.3984375 0.00859375 0.028125
2 0.51171875 0.39765625 0.0078125 0.0296875
2 0.546875 0.34375 0.00390625 0.01953125
2 0.54453125 0.33125 0.0046875 0.015625
1 0.53828125 0.328125 0.0078125 0.0125
1 0.52890625 0.31953125 0.0078125 0.0109375
1 0.2640625 0.3828125 0.025 0.02890625
1 0.2296875 0.38046875 0.02578125 0.0265625
1 0.2078125 0.42421875 0.03125 0.0359375
1 0.1359375 0.4109375 0.03671875 0.03671875
1 0.209375 0.39921875 0.02890625 0.0234375
1 0.1953125 0.38984375 0.01875 0.0234375
2 0.1640625 0.3796875 0.01015625 0.03203125
1 0.2578125 0.3625 0.01953125 0.01796875
2 0.27421875 0.3515625 0.0078125 0.025
2 0.2515625 0.34921875 0.00859375 0.0234375