1 0.51875 0.9140625 0.08359375 0.159375
2 0.553125 0.7390625 0.02109375 0.10078125
2 0.4484375 0.69453125 0.02578125 0.0984375
1 0.453125 0.4109375 0.025 0.03359375
1 0.4234375 0.396875 0.02265625 0.03046875
1 0.4171875 0.3703125 0.01953125 0.025
1 0.396875 0.3875 0.02109375 0.028125
1 0.45703125 0.36640625 0.0171875 0.0234375
1 0.4765625 0.3703125 0.01640625 0.02421875
1 0.4921875 0.36015625 0.01484375 0.0234375
1 0.471875 0.334375 0.01328125 0.01953125
1 0.4546875 0.32890625 0.01328125 0.0171875
1 0.44609375 0.34375 0.0140625 0.02109375
1 0.4265625 0.353125 0.01640625 0.02109375
1 0.509375 0.375 0.015625 0.02421875
3 0.5109375 0.346875 0.01640625 0.03046875
1 0.4984375 0.340625 0.0125 0.01953125
3 0.47890625 0.3109375 0.0109375 0.021875
1 0.5015625 0.3203125 0.01171875 0.01640625
2 0.521875 0.33515625 0.00546875 0.0203125
2 0.54296875 0.31171875 0.0046875 0.0171875
1 0.528125 0.3203125 0.00859375 0.015625
1 0.51796875 0.3234375 0.0109375 0.01640625
3 0.2328125 0.33125 0.028125 0.03125
1 0.25234375 0.365625 0.0265625 0.02890625
1 0.2671875 0.35078125 0.025 0.0265625
1 0.27578125 0.3359375 0.0234375 0.01875
1 0.27421875 0.3234375 0.0171875 0.01953125
1 0.184375 0.39453125 0.03515625 0.0390625
1 0.15 0.37890625 0.03828125 0.0359375
1 0.1046875 0.44296875 0.04921875 0.0484375
1 0.040625 0.4234375 0.05078125 0.05234375
1 0.01640625 0.50625 0.0328125 0.06875