1 0.8234375 0.796875 0.15078125 0.16953125
3 0.22578125 0.54765625 0.0640625 0.1140625
2 0.14375 0.453125 0.02109375 0.07109375
1 0.8828125 0.5671875 0.090625 0.08984375
2 0.853125 0.5046875 0.034375 0.07734375
1 0.734375 0.453125 0.059375 0.07734375
3 0.61484375 0.4671875 0.0484375 0.09296875
2 0.65234375 0.35390625 0.0109375 0.0390625
2 0.6359375 0.3296875 0.009375 0.03359375
2 0.265625 0.3234375 0.01171875 0.03359375
2 0.30546875 0.3 0.0078125 0.03203125
2 0.43125 0.23984375 0.00546875 0.0171875
2 0.5984375 0.2375 0.00546875 0.01640625
2 0.59453125 0.228125 0.0046875 0.01640625
3 0.5546875 0.33125 0.02109375 0.034375
1 0.5921875 0.34296875 0.02578125 0.0328125
1 0.5703125 0.2984375 0.01640625 0.02578125
1 0.59296875 0.2890625 0.0171875 0.02421875
1 0.6046875 0.275 0.015625 0.025
3 0.5953125 0.25625 0.01015625 0.03046875
1 0.571875 0.2734375 0.015625 0.02265625
1 0.5453125 0.2984375 0.01484375 0.02578125
1 0.5421875 0.26875 0.01484375 0.02109375
1 0.57890625 0.253125 0.0109375 0.01796875
1 0.565625 0.246875 0.009375 0.01484375
1 0.54921875 0.24375 0.0109375 0.01796875
1 0.6421875 0.2828125 0.015625 0.025
1 0.58515625 0.24375 0.0109375 0.01328125
1 0.3453125 0.3953125 0.03203125 0.05
1 0.21484375 0.3703125 0.0359375 0.05234375
1 0.3796875 0.33359375 0.02421875 0.0359375
1 0.3796875 0.29921875 0.02109375 0.0296875
3 0.35625 0.284375 0.02109375 0.0375
1 0.38203125 0.27109375 0.0171875 0.0234375
1 0.425 0.275 0.01875 0.02890625
1 0.4109375 0.26953125 0.01484375 0.0234375
1 0.396875 0.253125 0.01328125 0.01953125
1 0.421875 0.240625 0.01015625 0.01796875
1 0.440625 0.24375 0.01171875 0.01796875