3 0.93671875 0.746875 0.1265625 0.140625
3 0.2265625 0.7671875 0.096875 0.2375
3 0.275 0.4328125 0.03984375 0.065625
3 0.22421875 0.35078125 0.0359375 0.0546875
1 0.2984375 0.53828125 0.05703125 0.0953125
1 0.2015625 0.54765625 0.07109375 0.1015625
1 0.078125 0.546875 0.07265625 0.09375
2 0.0265625 0.5109375 0.03046875 0.084375
1 0.196875 0.396875 0.04296875 0.05234375
1 0.365625 0.365625 0.02265625 0.03984375
1 0.3578125 0.3234375 0.021875 0.03125
1 0.5796875 0.4203125 0.03359375 0.05078125
1 0.69375 0.4078125 0.02421875 0.04921875
1 0.5421875 0.30625 0.015625 0.028125
1 0.565625 0.303125 0.015625 0.02578125
1 0.5828125 0.296875 0.01484375 0.02265625
1 0.58125 0.278125 0.01328125 0.01640625
1 0.5484375 0.2734375 0.0125 0.02109375
1 0.56171875 0.2578125 0.0109375 0.015625
1 0.5828125 0.2515625 0.01015625 0.015625
1 0.55078125 0.24375 0.0109375 0.015625
1 0.56484375 0.24375 0.0078125 0.0125
1 0.58125 0.2375 0.01015625 0.01484375
1 0.59375 0.2421875 0.009375 0.01328125
1 0.57109375 0.23125 0.0078125 0.0125
1 0.6390625 0.2953125 0.01640625 0.02421875
2 0.596875 0.225 0.00390625 0.0125
1 0.4 0.3109375 0.021875 0.03515625
1 0.3515625 0.2953125 0.01875 0.02578125
1 0.3484375 0.278125 0.01796875 0.01484375
3 0.390625 0.271875 0.015625 0.03671875
1 0.41484375 0.275 0.0171875 0.025
4 0.4234375 0.25 0.01953125 0.02890625
1 0.4078125 0.253125 0.0125 0.01640625
1 0.440625 0.2515625 0.01171875 0.01875
0 0.4359375 0.31875 0.0375 0.06796875