2 0.53984375 0.703125 0.0296875 0.096875
2 0.48359375 0.80625 0.0359375 0.11875
1 0.396875 0.72890625 0.06640625 0.1203125
1 0.315625 0.66875 0.065625 0.10703125
1 0.3421875 0.590625 0.05 0.07421875
1 0.26484375 0.55703125 0.0578125 0.0765625
1 0.321875 0.45078125 0.0375 0.0453125
1 0.38359375 0.403125 0.0296875 0.040625
1 0.36640625 0.3796875 0.0234375 0.03828125
1 0.38984375 0.3609375 0.0234375 0.03203125
1 0.40625 0.340625 0.021875 0.02890625
1 0.4578125 0.334375 0.01875 0.025
3 0.41640625 0.48359375 0.0390625 0.1015625
1 0.50546875 0.31953125 0.0140625 0.0234375
1 0.490625 0.31328125 0.01171875 0.0203125
1 0.47734375 0.31875 0.0140625 0.02109375
1 0.4671875 0.2984375 0.01328125 0.01953125
1 0.4421875 0.303125 0.01484375 0.01953125
3 0.4859375 0.29375 0.01640625 0.028125
1 0.50390625 0.2875 0.0109375 0.01796875
1 0.521875 0.2796875 0.00859375 0.015625
1 0.51015625 0.2640625 0.0078125 0.0125
1 0.5203125 0.26328125 0.00703125 0.0109375
2 0.5359375 0.26640625 0.00546875 0.0140625
1 0.0828125 0.4015625 0.05078125 0.053125
3 0.0453125 0.3734375 0.053125 0.046875
3 0.078125 0.3546875 0.040625 0.03984375
1 0.15078125 0.35703125 0.0328125 0.0359375
1 0.1859375 0.3640625 0.034375 0.03671875
1 0.171875 0.3359375 0.025 0.03046875
1 0.25 0.328125 0.025 0.02890625
1 0.2171875 0.30703125 0.025 0.0234375
1 0.3015625 0.278125 0.01484375 0.01484375