3 0.31875 0.68671875 0.06796875 0.1453125
1 0.41640625 0.73828125 0.0609375 0.1234375
1 0.5609375 0.80703125 0.08125 0.1328125
1 0.4375 0.4984375 0.03671875 0.07109375
1 0.3921875 0.44375 0.034375 0.04375
1 0.3609375 0.43125 0.03046875 0.04453125
1 0.375 0.3859375 0.02578125 0.03671875
1 0.43125 0.4046875 0.02734375 0.03984375
1 0.2140625 0.346875 0.02578125 0.03515625
1 0.146875 0.35546875 0.03125 0.0359375
1 0.0984375 0.3953125 0.04609375 0.04296875
1 0.26875 0.3359375 0.02578125 0.02421875
1 0.2734375 0.31640625 0.02421875 0.0203125
2 0.290625 0.290625 0.009375 0.01875
2 0.46875 0.303125 0.00546875 0.02265625
1 0.471875 0.33125 0.01796875 0.025
1 0.503125 0.3296875 0.015625 0.02421875
1 0.5375 0.321875 0.01328125 0.021875
1 0.48125 0.3046875 0.01640625 0.02265625
1 0.5015625 0.30546875 0.0125 0.0171875
1 0.52421875 0.28671875 0.0109375 0.0171875
1 0.5125 0.2828125 0.01171875 0.01484375
1 0.49296875 0.2828125 0.0109375 0.01640625
1 0.48125 0.28203125 0.01171875 0.0140625
1 0.4609375 0.290625 0.00703125 0.01796875
1 0.53125 0.275 0.01015625 0.01640625
1 0.5015625 0.271875 0.009375 0.01640625
1 0.49140625 0.2703125 0.0109375 0.01640625