1 0.8578125 0.85078125 0.16171875 0.1796875
1 0.903125 0.5859375 0.09765625 0.08125
1 0.7421875 0.4625 0.05390625 0.06875
3 0.6203125 0.4765625 0.05703125 0.08359375
3 0.23125 0.528125 0.06640625 0.10390625
2 0.1515625 0.440625 0.01953125 0.06328125
2 0.8671875 0.51953125 0.02578125 0.0703125
1 0.3515625 0.3875 0.03046875 0.05546875
1 0.2203125 0.3640625 0.03828125 0.05390625
1 0.5953125 0.3484375 0.02265625 0.03515625
1 0.3828125 0.328125 0.02734375 0.03671875
2 0.65625 0.359375 0.0125 0.04453125
2 0.6390625 0.33515625 0.01015625 0.0390625
2 0.2703125 0.31953125 0.01171875 0.0390625
3 0.3578125 0.28203125 0.01953125 0.0421875
1 0.428125 0.27578125 0.01875 0.0296875
3 0.55625 0.3359375 0.02109375 0.03671875
1 0.5453125 0.3 0.01484375 0.028125
1 0.571875 0.30234375 0.015625 0.0265625
1 0.59375 0.2921875 0.01640625 0.025
1 0.04921875 0.8171875 0.0984375 0.190625
1 0.04140625 0.65859375 0.0796875 0.1390625