3 0.134375 0.6625 0.08828125 0.17265625
3 0.771875 0.62578125 0.07265625 0.1140625
1 0.096875 0.5859375 0.0375 0.07421875
1 0.2796875 0.59375 0.05 0.078125
1 0.240625 0.4984375 0.046875 0.05546875
1 0.309375 0.53125 0.04140625 0.05546875
1 0.753125 0.83359375 0.10625 0.1296875
1 0.790625 0.734375 0.09609375 0.08671875
1 0.9703125 0.8703125 0.059375 0.10625
1 0.6390625 0.55625 0.03828125 0.05703125
1 0.54453125 0.446875 0.0203125 0.03125
1 0.56875 0.4265625 0.01796875 0.028125
1 0.6140625 0.4484375 0.021875 0.03046875
1 0.58125 0.4140625 0.01640625 0.02578125
1 0.61328125 0.4171875 0.0171875 0.02421875
1 0.6265625 0.4375 0.01484375 0.028125
1 0.5953125 0.39375 0.015625 0.01953125
1 0.5734375 0.384375 0.0125 0.01796875
1 0.575 0.3671875 0.01171875 0.01484375
1 0.559375 0.375 0.0125 0.01953125
1 0.5375 0.38984375 0.01328125 0.0203125
1 0.5375 0.3625 0.009375 0.01640625
1 0.553125 0.346875 0.009375 0.01171875
1 0.5640625 0.34375 0.009375 0.01171875
2 0.59375 0.359375 0.00625 0.01796875
1 0.54453125 0.34296875 0.0078125 0.0140625
1 0.43984375 0.34296875 0.0109375 0.0140625
1 0.42890625 0.34765625 0.0109375 0.0171875
1 0.425 0.3640625 0.01328125 0.015625
1 0.43203125 0.3765625 0.0140625 0.02265625
1 0.409375 0.375 0.01484375 0.01953125
1 0.39453125 0.3890625 0.0171875 0.02265625
1 0.39375 0.41796875 0.01953125 0.0296875
1 0.3671875 0.4171875 0.02109375 0.02890625
1 0.3625 0.38125 0.01953125 0.02265625
1 0.34375 0.3984375 0.021875 0.025
1 0.32265625 0.43046875 0.0234375 0.0328125
1 0.3578125 0.471875 0.02734375 0.040625