2 0.9765625 0.6046875 0.04375 0.08515625
1 0.80078125 0.51875 0.0703125 0.08046875
1 0.728125 0.5390625 0.06796875 0.07890625
2 0.7015625 0.38671875 0.01640625 0.0515625
2 0.653125 0.35078125 0.01328125 0.0421875
1 0.60625 0.3703125 0.03203125 0.04140625
3 0.5609375 0.3578125 0.02578125 0.04296875
1 0.5984375 0.303125 0.02109375 0.02734375
1 0.5421875 0.2765625 0.01484375 0.02578125
1 0.546875 0.3109375 0.01796875 0.02890625
1 0.57265625 0.2828125 0.0140625 0.02578125
1 0.57578125 0.31328125 0.0203125 0.0296875
1 0.6078125 0.2828125 0.01484375 0.02265625
3 0.5953125 0.2640625 0.0125 0.03203125
1 0.58125 0.259375 0.0125 0.01953125
1 0.5671875 0.253125 0.0125 0.01796875
1 0.546875 0.24921875 0.0125 0.0203125
2 0.5984375 0.24375 0.00703125 0.01875
2 0.59453125 0.2328125 0.0046875 0.01953125
2 0.6 0.2234375 0.00546875 0.01171875
3 0.265625 0.4609375 0.046875 0.07578125
2 0.1890625 0.40390625 0.01875 0.0546875
1 0.11953125 0.5453125 0.0734375 0.09296875
1 0.1265625 0.65 0.09609375 0.121875
2 0.03125 0.615625 0.03125 0.10859375
1 0.3671875 0.3578125 0.02734375 0.04296875
1 0.2453125 0.3421875 0.03203125 0.04375
1 0.39375 0.31015625 0.02265625 0.0359375
2 0.2890625 0.30390625 0.01015625 0.0328125
2 0.3265625 0.2859375 0.009375 0.03125
3 0.3703125 0.2734375 0.021875 0.040625
1 0.390625 0.28671875 0.01953125 0.0265625
1 0.390625 0.26171875 0.01796875 0.0234375
1 0.41875 0.26171875 0.015625 0.0234375
1 0.4328125 0.2671875 0.01171875 0.02734375
1 0.41015625 0.2484375 0.0140625 0.01875
2 0.4015625 0.24375 0.00546875 0.02109375
0 0.446875 0.2796875 0.02421875 0.06875
2 0.4375 0.2359375 0.00625 0.02109375
1 0.42890625 0.234375 0.0109375 0.01640625
1 0.44765625 0.2359375 0.0109375 0.01484375