1 0.1109375 0.79375 0.109375 0.15703125
1 0.728125 0.74921875 0.09375 0.1265625
1 0.928125 0.85390625 0.13203125 0.1453125
1 0.95234375 0.69765625 0.0953125 0.1296875
1 0.1578125 0.546875 0.05390625 0.08671875
1 0.6328125 0.5984375 0.05234375 0.08046875
1 0.284375 0.490625 0.03984375 0.06171875
1 0.578125 0.503125 0.03671875 0.05546875
1 0.2390625 0.45078125 0.03671875 0.0421875
3 0.3125 0.396875 0.03046875 0.06328125
3 0.3671875 0.42109375 0.028125 0.0421875
1 0.353125 0.46171875 0.03125 0.0453125
1 0.3734375 0.384375 0.01953125 0.028125
1 0.41484375 0.37421875 0.0171875 0.0265625
1 0.41015625 0.35078125 0.0140625 0.0203125
1 0.4 0.340625 0.01484375 0.021875
1 0.42421875 0.3421875 0.0140625 0.01875
1 0.4328125 0.328125 0.01328125 0.01640625
2 0.4421875 0.31328125 0.00625 0.0171875
2 0.4109375 0.353125 0.00703125 0.01875
1 0.609375 0.4796875 0.03046875 0.04453125
1 0.58828125 0.44296875 0.0265625 0.0359375
1 0.5453125 0.43125 0.02265625 0.034375
1 0.5390625 0.403125 0.01953125 0.02578125
1 0.540625 0.35078125 0.01328125 0.0203125
1 0.5390625 0.3796875 0.01640625 0.02421875
1 0.60078125 0.41796875 0.0234375 0.0328125
1 0.621875 0.40625 0.01796875 0.028125
1 0.64375 0.453125 0.03046875 0.040625
1 0.65 0.41015625 0.021875 0.0296875
2 0.6390625 0.38515625 0.00859375 0.0296875
2 0.6828125 0.4546875 0.01015625 0.04921875
1 0.61875 0.3875 0.01875 0.021875
4 0.5921875 0.37109375 0.02421875 0.0515625
1 0.5671875 0.3578125 0.01328125 0.021875
3 0.57890625 0.33125 0.0109375 0.01875
1 0.5921875 0.33515625 0.01015625 0.0171875
1 0.559375 0.334375 0.0125 0.01953125
1 0.6125 0.33125 0.01328125 0.015625