1 0.08984375 0.71328125 0.1109375 0.1453125
1 0.0875 0.5828125 0.08359375 0.10390625
1 0.253125 0.48671875 0.05390625 0.0890625
2 0.175 0.421875 0.01796875 0.05859375
1 0.2359375 0.35234375 0.03671875 0.0453125
2 0.28125 0.3109375 0.01328125 0.034375
2 0.31875 0.2890625 0.0125 0.03515625
2 0.3984375 0.246875 0.00546875 0.02578125
2 0.9234375 0.5625 0.03515625 0.08125
2 0.6921875 0.3765625 0.01484375 0.05
2 0.64765625 0.340625 0.0109375 0.03515625
2 0.59453125 0.23125 0.0046875 0.01640625
2 0.59921875 0.240625 0.0046875 0.015625
2 0.6 0.2234375 0.00390625 0.01484375
1 0.60546875 0.28125 0.0140625 0.02421875
1 0.596875 0.296875 0.01796875 0.02734375
1 0.575 0.3078125 0.01796875 0.028125
1 0.5453125 0.30625 0.01640625 0.02890625
1 0.54140625 0.2734375 0.0140625 0.021875
1 0.57265625 0.28046875 0.0140625 0.0234375
3 0.596875 0.2625 0.01171875 0.02734375
1 0.54765625 0.2484375 0.0109375 0.01640625
1 0.56640625 0.24921875 0.0109375 0.0171875
1 0.58125 0.2578125 0.0125 0.01875
1 0.58359375 0.246875 0.0109375 0.015625
1 0.578125 0.240625 0.00859375 0.01484375
1 0.5640625 0.2359375 0.009375 0.01328125
1 0.553125 0.23984375 0.00859375 0.0140625
1 0.5515625 0.2296875 0.00859375 0.01328125
1 0.57578125 0.23125 0.0078125 0.0125
1 0.6015625 0.359375 0.028125 0.03828125
3 0.5578125 0.346875 0.02265625 0.03828125
1 0.640625 0.28125 0.01640625 0.02265625
1 0.7734375 0.49296875 0.06171875 0.0703125
1 0.7046875 0.5046875 0.04609375 0.06640625
3 0.6359375 0.51015625 0.05390625 0.0890625
1 0.934375 0.95 0.13125 0.09765625
1 0.9546875 0.6484375 0.08828125 0.09921875
1 0.359375 0.36875 0.02890625 0.04453125
1 0.3890625 0.31796875 0.02421875 0.0359375
1 0.3859375 0.290625 0.01953125 0.025
1 0.3859375 0.265625 0.01640625 0.02265625
1 0.3640625 0.2765625 0.01953125 0.0375
1 0.43125 0.26875 0.01484375 0.02578125
1 0.415625 0.2640625 0.01484375 0.025
1 0.4046875 0.2515625 0.01328125 0.01875
1 0.428125 0.23671875 0.01171875 0.0171875
2 0.4359375 0.23828125 0.00546875 0.0171875
1 0.4453125 0.23984375 0.01171875 0.0171875
1 0.4078125 0.2390625 0.0125 0.01640625
0 0.446875 0.2796875 0.02265625 0.07265625