1 0.92734375 0.9109375 0.1390625 0.15078125
1 0.79140625 0.865625 0.1171875 0.14375
1 0.22734375 0.746875 0.0765625 0.14140625
1 0.11171875 0.7640625 0.1078125 0.16640625
1 0.234375 0.596875 0.05859375 0.08828125
1 0.3265625 0.5328125 0.04140625 0.06484375
1 0.2421875 0.4828125 0.03828125 0.053125
1 0.1609375 0.5078125 0.05234375 0.053125
1 0.315625 0.4484375 0.03125 0.04140625
1 0.371875 0.4484375 0.02734375 0.040625
1 0.3109375 0.415625 0.02734375 0.04140625
1 0.6140625 0.5484375 0.05078125 0.05546875
1 0.6359375 0.50546875 0.03671875 0.0484375
1 0.57265625 0.46875 0.0296875 0.04609375
1 0.65390625 0.4671875 0.0328125 0.04375
1 0.3484375 0.3875 0.02265625 0.028125
1 0.3703125 0.37265625 0.01875 0.0265625
1 0.396875 0.378125 0.01875 0.025
1 0.42578125 0.3734375 0.0171875 0.02421875
1 0.39765625 0.3578125 0.0171875 0.01875
1 0.3859375 0.3484375 0.01328125 0.01953125
1 0.34609375 0.36796875 0.0171875 0.0171875
1 0.4375 0.35625 0.01484375 0.02265625
1 0.4453125 0.33359375 0.01171875 0.0171875
3 0.465625 0.31796875 0.009375 0.0234375
2 0.38671875 0.39921875 0.0078125 0.0359375
2 0.6140625 0.371875 0.00625 0.021875
2 0.5890625 0.3109375 0.00390625 0.01328125
2 0.56875 0.3546875 0.00546875 0.02265625
1 0.58125 0.36875 0.01640625 0.02578125
1 0.5484375 0.3609375 0.01171875 0.01953125
1 0.54296875 0.3921875 0.0171875 0.02578125
1 0.54453125 0.34140625 0.0109375 0.0171875
1 0.596875 0.353125 0.0125 0.01640625
1 0.58203125 0.3421875 0.0109375 0.01640625
1 0.56328125 0.340625 0.0109375 0.015625
1 0.55 0.3296875 0.009375 0.01328125
1 0.5640625 0.328125 0.009375 0.01328125
1 0.55390625 0.31875 0.0078125 0.0125
1 0.596875 0.31875 0.00859375 0.0125