1 0.84453125 0.83125 0.1515625 0.16796875
1 0.8953125 0.58125 0.090625 0.08828125
1 0.740625 0.459375 0.05390625 0.06875
3 0.61875 0.471875 0.05546875 0.08359375
1 0.65546875 0.4640625 0.0234375 0.06875
2 0.8609375 0.5140625 0.02578125 0.07265625
2 0.6546875 0.35625 0.01171875 0.04609375
2 0.63828125 0.32890625 0.0109375 0.0328125
1 0.59375 0.3453125 0.025 0.03828125
1 0.5453125 0.2984375 0.01484375 0.028125
1 0.571875 0.3 0.01640625 0.02890625
3 0.55546875 0.334375 0.0203125 0.03828125
1 0.59453125 0.2890625 0.0171875 0.028125
1 0.6046875 0.27578125 0.01640625 0.0234375
1 0.571875 0.2734375 0.01171875 0.02109375
3 0.228125 0.5359375 0.06328125 0.10625
2 0.15 0.446875 0.01875 0.0625
1 0.21875 0.365625 0.0375 0.04921875
1 0.35 0.390625 0.03046875 0.05546875
1 0.38125 0.328125 0.02578125 0.03828125
1 0.38125 0.2984375 0.02109375 0.028125
2 0.30625 0.3 0.01015625 0.03515625
2 0.26796875 0.321875 0.0109375 0.03359375
3 0.35625 0.28125 0.02265625 0.04453125
0 0.446875 0.2796875 0.021875 0.06640625
1 0.42734375 0.2765625 0.0171875 0.03125
1 0.4109375 0.26953125 0.01484375 0.0234375
1 0.38125 0.26875 0.01640625 0.02265625
1 0.4 0.2546875 0.01484375 0.01875
1 0.4203125 0.2546875 0.01328125 0.01328125
1 0.403125 0.240625 0.01328125 0.01484375
2 0.39375 0.2484375 0.00546875 0.01875
2 0.43125 0.2390625 0.00546875 0.01640625
1 0.4234375 0.2359375 0.01015625 0.01640625
1 0.4421875 0.2421875 0.0125 0.01796875
1 0.4375 0.2296875 0.01171875 0.01328125
1 0.44375 0.221875 0.00859375 0.01328125
1 0.465625 0.2296875 0.009375 0.01640625
1 0.54296875 0.2703125 0.0140625 0.02109375
1 0.5796875 0.2546875 0.0125 0.01875
1 0.56796875 0.246875 0.0109375 0.01796875
1 0.54921875 0.24375 0.0109375 0.01875
1 0.55078125 0.2265625 0.0078125 0.0125
1 0.5640625 0.2328125 0.00859375 0.01328125
2 0.5984375 0.2390625 0.00546875 0.015625
2 0.59453125 0.23125 0.0046875 0.01640625
1 0.57890625 0.2390625 0.0109375 0.01484375
3 0.596875 0.2578125 0.01171875 0.025
1 0.6421875 0.28359375 0.01875 0.0234375