1 0.9234375 0.68515625 0.10078125 0.0984375
1 0.9484375 0.90703125 0.103125 0.1515625
1 0.26875 0.6640625 0.06484375 0.10390625
1 0.1265625 0.728125 0.090625 0.121875
1 0.05 0.609375 0.08125 0.090625
3 0.2109375 0.484375 0.05625 0.10703125
1 0.3125 0.45 0.03515625 0.05
3 0.3140625 0.5203125 0.04609375 0.078125
1 0.5953125 0.54375 0.04453125 0.059375
1 0.746875 0.56171875 0.05625 0.0609375
1 0.690625 0.55 0.025 0.05703125
3 0.725 0.49375 0.04765625 0.06484375
1 0.5640625 0.475 0.03046875 0.05
1 0.3765625 0.4296875 0.02421875 0.03828125
1 0.371875 0.38359375 0.02109375 0.0296875
1 0.4046875 0.35078125 0.015625 0.0203125
1 0.3625 0.3640625 0.01640625 0.02734375
2 0.359375 0.4140625 0.01171875 0.0375
1 0.440625 0.38984375 0.02109375 0.0359375
1 0.4109375 0.33203125 0.01328125 0.0171875
1 0.4296875 0.33359375 0.01328125 0.0171875
2 0.4203125 0.3234375 0.00625 0.02265625
1 0.44375 0.3421875 0.01171875 0.01953125
1 0.546875 0.4265625 0.02421875 0.034375
1 0.57578125 0.42109375 0.0203125 0.0328125
1 0.60546875 0.40546875 0.0203125 0.0296875
1 0.5375 0.3875 0.015625 0.02734375
1 0.53671875 0.3671875 0.0140625 0.02109375
1 0.56875 0.4 0.01875 0.03125
1 0.5765625 0.3859375 0.01640625 0.028125
1 0.609375 0.3796875 0.015625 0.02421875
1 0.62734375 0.3765625 0.0171875 0.02109375
2 0.63125 0.40390625 0.00859375 0.0359375
2 0.64375 0.3921875 0.00859375 0.028125
4 0.58515625 0.36015625 0.0203125 0.0390625
1 0.5703125 0.3421875 0.01328125 0.01796875
1 0.553125 0.3328125 0.01171875 0.015625
1 0.59296875 0.334375 0.0109375 0.01796875
1 0.6078125 0.3296875 0.0125 0.01796875
2 0.6203125 0.3625 0.00625 0.021875
2 0.5984375 0.3453125 0.00703125 0.01875
3 0.578125 0.321875 0.009375 0.01640625
1 0.56171875 0.3234375 0.0109375 0.01484375
1 0.4390625 0.3203125 0.01171875 0.015625
1 0.45078125 0.31328125 0.0078125 0.0140625
1 0.46015625 0.30546875 0.0046875 0.0140625