2 0.084375 0.54140625 0.02578125 0.1015625
2 0.02421875 0.74765625 0.0484375 0.1421875
2 0.20625 0.390625 0.028125 0.06484375
2 0.6203125 0.828125 0.05234375 0.16953125
2 0.7140625 0.4015625 0.015625 0.04921875
2 0.696875 0.403125 0.015625 0.06484375
1 0.1671875 0.58359375 0.08125 0.1171875
1 0.15703125 0.4984375 0.0640625 0.08359375
1 0.2609375 0.33125 0.034375 0.04921875
1 0.375 0.3421875 0.028125 0.04609375
1 0.615625 0.384375 0.034375 0.05859375
1 0.846875 0.55859375 0.08671875 0.0984375
1 0.7796875 0.60546875 0.08125 0.0984375
3 0.6953125 0.59296875 0.08828125 0.1109375
3 0.56875 0.3703125 0.03125 0.05546875
3 0.378125 0.2671875 0.02109375 0.05859375