3 0.51875 0.7890625 0.078125 0.18203125
1 0.2828125 0.86875 0.08515625 0.16171875
1 0.26796875 0.69140625 0.0703125 0.1015625
1 0.49453125 0.56171875 0.0359375 0.0609375
1 0.4625 0.48125 0.02890625 0.04765625
1 0.3984375 0.44921875 0.028125 0.0390625
1 0.4 0.390625 0.02265625 0.03203125
1 0.453125 0.4109375 0.02265625 0.03203125
1 0.48203125 0.3890625 0.0203125 0.028125
1 0.44296875 0.3625 0.0171875 0.02421875
1 0.415625 0.3640625 0.01875 0.02265625
1 0.4203125 0.35 0.01796875 0.021875
1 0.440625 0.3453125 0.015625 0.021875
1 0.4609375 0.34140625 0.01640625 0.0234375
1 0.48671875 0.3453125 0.0140625 0.01953125
1 0.484375 0.365625 0.015625 0.01953125
3 0.2953125 0.54921875 0.046875 0.0859375
2 0.43671875 0.6015625 0.0171875 0.07109375
2 0.509375 0.3609375 0.00703125 0.02578125
2 0.50625 0.346875 0.00546875 0.02109375
2 0.50234375 0.340625 0.0046875 0.02109375
1 0.47734375 0.3125 0.0109375 0.01640625
1 0.50625 0.3015625 0.009375 0.0125
1 0.4921875 0.2984375 0.00859375 0.01328125
1 0.5171875 0.2953125 0.00859375 0.0125
1 0.5296875 0.2984375 0.009375 0.01171875
1 0.5421875 0.3328125 0.015625 0.03671875
1 0.4828125 0.31875 0.00859375 0.015625
1 0.271875 0.3515625 0.02421875 0.02578125
1 0.2296875 0.3734375 0.03046875 0.03203125
1 0.240625 0.346875 0.02578125 0.02578125
1 0.2203125 0.33359375 0.025 0.0234375
1 0.26796875 0.3203125 0.0171875 0.02109375
1 0.253125 0.32734375 0.01875 0.0203125
1 0.171875 0.3703125 0.03046875 0.03046875
1 0.14765625 0.390625 0.0359375 0.03515625
1 0.140625 0.359375 0.03125 0.02890625
1 0.0640625 0.39921875 0.03984375 0.0421875
2 0.075 0.3703125 0.01796875 0.03046875
1 0.0921875 0.446875 0.05234375 0.05078125
1 0.0109375 0.40546875 0.02109375 0.0421875