1 0.5734375 0.8390625 0.075 0.12734375
1 0.325 0.68125 0.05625 0.08359375
1 0.22265625 0.73046875 0.0734375 0.1015625
1 0.3890625 0.50234375 0.03359375 0.0515625
3 0.4203125 0.8203125 0.06484375 0.15078125
1 0.4390625 0.3546875 0.01484375 0.02265625
1 0.0765625 0.475 0.059375 0.059375
1 0.178125 0.415625 0.03515625 0.04375
3 0.1078125 0.38046875 0.03671875 0.0421875
1 0.25234375 0.3765625 0.0265625 0.028125
1 0.1921875 0.3671875 0.025 0.02578125
1 0.19375 0.346875 0.02734375 0.01875
1 0.23125 0.3484375 0.02109375 0.02421875
1 0.25 0.34921875 0.02265625 0.0234375
2 0.509375 0.38203125 0.00703125 0.0265625
2 0.503125 0.35859375 0.00703125 0.0265625
1 0.48125 0.3578125 0.01484375 0.02109375
1 0.525 0.31953125 0.01171875 0.0140625
1 0.5390625 0.315625 0.00859375 0.01328125
1 0.5171875 0.3140625 0.00703125 0.0125
1 0.503125 0.31640625 0.01015625 0.0140625
1 0.49375 0.3109375 0.009375 0.01328125
1 0.5046875 0.30625 0.00859375 0.009375
3 0.5453125 0.309375 0.00859375 0.01875
2 0.5546875 0.30625 0.00390625 0.01015625
2 0.5609375 0.3 0.00390625 0.01328125
1 0.53125 0.309375 0.00859375 0.01171875